10030-1-1	10030-1-2_S2	10067-1-1	10067-1-2_S3	10091-1-1	10091-1-2_S4	10097-1-1	10097-1-2_S5	10099-1-1	10099-1-2_S6	10103-1-1	10103-1-2_S7	10118-1-1	10118-1-2_S8	10126-1-1	10126-1-2_S10	10140-1-1	10140-1-2_S11	10147-1-1	10147-1-2_S12	10165-1-1	10165-1-2_S1	10185-1-1	10185-1-2_S3	10199-1-1	10199-1-2_S4	10236-1-1	10236-1-2_S5	10260-1-1	10260-1-2_S6	10267-1-1	10267-1-2_S7	10303-1-1	10303-1-2_S8	10307-1-1	10307-1-2_S9	10308-1-1	10308-1-2_S10	10323-1-1	10323-1-2_S11	10333-1-1	10333-1-2_S12	10338-1-1	10338-1-2_S1	10345-1-1	10345-1-2_S2	10366-1-1	10366-1-2_S3	10385-1-1	10385-1-2_S9	10462-1-1	10462-3-2_S1	10480-1-1	10480-1-2_S4	10505-1-1	10505-1-2_S5	10532-1-1	10532-1-2_S9	10545-1-1	10545-1-2_S10	10565-1-1	10565-1-2_S12	10579-1-1	10579_1_2_S1	10595-1-1	10595_1_2_S2	10596-1-1	10596_1_2_S3	10603-1-1	10603_1_2_S4	10646-1-1	10646_1_2_S6	10697-1-1	10697_1_2_S7	10717-1-1	10717_1_2_S10	10745-1-1	10745-1-2_S1
Chlorobi	0	0	0	0	0	0	0	0	0	0	0	0	0	0	0	0	0	0	0	0	0	0	0	0	0	0	0	0	0	0	0	0	0	0	0	0	0	0	0	0	0	0	0	0	0	0	0	0	0	0	0	0	0	0	0	0	0	0	0	0	0	0	0	0	0	0	0	0	0	0	0	0	0	0	0	0	0.00366	0
Synergistetes	0	0	0.00013	0.00139	0	0	0.00058	0.02945	0.00051	0	0	0	0	0.00038	0	0	0.00359	0.00117	0	0	0.01407	0.05944	0.00051	0.05893	0.01707	0.025	0	0	9e-05	0	0	0	0.00045	0	0.00033	0	0.00014	0	0	0.00115	0	0	0	0	0.0001	0	0.05139	0	0.00013	0.00097	0	0	0.00032	0	0.00022	0.0003	0	0.07311	0	0.0003	0.00062	0	0.00099	0	0.00025	0	0	0	0	0	0	0.01486	0	0	0.00049	0	0	0
Bacteroidetes	65.14123	78.22817	61.96592	39.26479	36.11291	43.37377	75.12852	38.13898	60.36168	64.74282	49.56137	66.97098	27.46887	24.44535	65.20564	52.3786	26.39526	37.06944	45.95363	54.53064	38.59565	62.59522	63.9768	70.16665	35.91374	69.78291	67.43913	68.08499	49.66527	58.15617	44.31055	73.05368	48.23379	65.64284	44.25855	57.39783	45.70318	66.94529	54.68852	30.98454	35.212	45.83372	44.19926	45.05511	53.55969	37.09855	33.40988	27.40507	53.86908	30.48733	67.76243	55.59362	67.85763	50.24424	51.73099	51.87474	43.70101	39.16266	51.29448	46.78175	31.71923	68.91187	39.63118	76.81626	43.66077	15.86539	23.49044	44.09374	7.92114	10.42652	50.9581	68.37959	35.91664	33.42819	58.22204	52.88987	62.02867	69.06434
Deferribacteres	0	0	0	0	0	0	0	0	0	0	0	0	0	0	0	0	0	0	0	0	0	0	0	0	0	0	0.00036	0	0	0	0	0	0	0	0	0	0	0	0	0	0	0	0	0	0	0	0	0	0	0	0	0	0	0	0	0	0	0	0	0	0	0	0	0	0	0	0	0	0	0	0	0	0	0	0	0	0	0
Cyanobacteria	0	0.00058	0	0	0.00022	0	0	0	0	0	0	0	0	0	0	0	0	0	0	0	0.0002	0	0	0	0	0	0	0	0	0	0	0	0	0	0	0	0	0	0	0	0	0	0	0	0	0	0	0	0	0	0	0	0	0	0	0	0	0	0	0	0	0	0	0	0	0	0	0	0	0	0	0	0	0	0	0	0.0003	0
Fusobacteria	6.68344	2.84791	0.00462	0.03746	0.04673	0	0.06687	0.08927	0.57601	0.00033	0.58017	0.09	0.06065	0.02666	1.12878	0.09442	0.01473	0	0.02733	0.09323	0.00582	0.05128	0.13313	1.51147	2.44275	0.16123	0.46867	0.99507	0.01141	0	3.47504	6.61948	0.01642	0.00059	0.00516	0.00734	0.22736	0.00045	0.28165	0.04119	0.02731	0.02986	0.00215	0.00073	0.00291	0	0.64665	0.16519	0.0432	0.03018	0.09242	0.60067	0.01293	0.00473	0.08982	0.00155	2.19991	0.17049	0.89062	0.03025	0.00225	0.00305	0.0033	0.00068	0.02134	0	0.02015	0.02171	0.00081	0.00023	0.37642	0.00412	0.00098	0	0.01203	0.00456	0.24745	0.00311
Deinococcus_Thermus	0.00017	0	0	0.00051	0.00143	0	0	0.00035	0	0.00012	0.00506	0.00027	0.0014	0.00169	0.00065	0	0.01599	0	0	0	0	0	0	0	0.002	0	0.00021	0	0	0.00037	0	0	0.00026	0	0.00118	0.00068	0.00084	0	0	0	0.03717	0	0.00036	0.00066	0	0	0.00033	0	0.00059	0.00034	0	0.00044	0.00464	0.00036	0	0	0.00037	0	0	0.00021	0.00557	0	0.00026	0	0.0022	0.00018	0.00339	0	0.00528	0.00068	0.00172	0.00071	0.00064	0	0.00116	0.00037	0.00029	0
Basidiomycota	0	0	0	0	0	0	0	0	0	0	0	0	0	0	0	0	0	0	0	0	0	0	0	0	0.00012	0	0	0	0	0	0	0	0	0	0	0	0	0	0	0	0	0	0	0	0.00012	0	0	0	0	0	0	0	0	0	0	0	0	0	0	0	0	0	0	0	0	0	0	0	0	0	0	0	0	0	0	0	0	0
Eukaryota_noname	0	0	0	0	0	0	0	0	0	0	0	0	0	0	0	0	0	0	0	0	0	0	0	0	0	0	0	0	0	0	0	0	0	0	0	0	0	0	0	0	0	0	0	0	0	0	0	0	0	0	0	0	0	0	0	0	0	0	0	0	0	0	0	0.00018	0	0	6.38202	4.2178	0	0	0	0	0	0	0	0	0	0
Tenericutes	0	0	0	0	0	0	0	0	0	0	0	0	0	0	0	0	0	0	0	0	0	0	0	0	0	0	0	0	0	0	0	0	0	0	0	0	0	0	0	0	0	0	0	0	0	0	0.0001	0	0	0	0	0	0	0	0	0	0	0	0	0	0	0	0	0	0	0	0	0	0	0	0	0	0	0	0	0	0	0
Spirochaetes	0	0	0	0.00093	0.00013	0	0	0	0.13189	0	0.0004	0	0	0	0	0.00033	0.00032	0	0	0	0	0	0.26962	0	0	0	0	0	0	0	0	0	0.00031	0	0	0	0.00616	0	0	0	0	0.0007	0.00015	0.00043	0.00028	0	0.00281	0.66667	0	0.0005	0	0	0	0	0	0	0.00013	0	0	0	0.00016	0	0	0	0.00043	0	0	0	0	0	0.00016	0	0	0	0	0	0	0
Viruses_noname	0	0	0	0	0	0	0	0.1621	0	0	0.00324	0	0	0	0.00129	0.00214	1.69866	0	0	0	0	0	0.00546	0	0	0	0	0	0	0	0	0	0.18883	0	0	0	0	0	0	0	0	0	0.00064	0.0021	0	0.26156	0	0.00945	0	0.02408	0	0	0.15293	0	0.06316	0	0	0	0.00107	0	0	0	0.00747	0.01689	0	0.00024	0.24427	0.68105	0	0	0	0.23915	0	0	0	0	0.57448	0
Acidobacteria	0	0	0	0	0	0	0	0	0	0	0	0	0	0	0	0	0	0	0	0	0	0	0	0	0	0	0	0	0	0	0.02218	0	0	0	0	0	0	0	0	0	0	0.01675	0	0	0.0165	0.02341	0	0	0	0	0	0	0	0	0	0	0	0	0	0	0	0	0	0	0	0	0	0	0	0	0	0	0	0	0	0	0	0
Euryarchaeota	0	0.00141	0	0	0.00063	0	0.00076	0	1.81548	0	0	0	0.00039	0	0	0	0.00041	0	0	0	0.33095	0.01524	0.10874	0	0	0	0	0	0	0	0	0	0	0	0.02682	0.00984	2.42795	0	0.00046	0	0	0	0	0	0	0	0.00615	0.01485	0.00639	0.01027	0	0	0	0	0	0	0	0	0	0	0	0	0.17657	0	0.00027	0	0.27752	0.03294	0	0	0	0.03765	0	0.05312	0	0	0	0
Microsporidia	0	0	0	0	0	0	0.00173	0	0	0	0	0	0.00067	0	0	0	0.00147	0	0	0	0.00071	0	0	0	0	0	0	0	0.00158	0	0.00436	0	0	0	0	0	0	0	0.00358	0	0	0	0	0	0.00011	0	0	0	0	0	0	0	0	0	0	0	0	0	0	0	0	0	0.00135	0.00105	0	0	0	0	0	0	0	0	0	0	0	0.00035	0	0
Ascomycota	0	0	0	0.00015	0	0	0	0	0	0	0	0	0	0	0	0.00153	0.00089	0.0007	0.00325	0	0.00068	0	0	0	0	0	0	0	0	0	0	0.00037	0	0	6e-05	0	0	0	0	0.00315	0	0	0	0	0.00013	0	0.01098	0	0.00041	0.00331	0	0	0	0	0	0	0	0	0	0.00328	0	0	0	0.00036	0	0.00013	0	0	0	0.00075	0	0.00041	0.00263	0	0	0	0.00024	0
Verrucomicrobia	0.23445	0.00183	0	0.00223	0.83935	0.60185	0.01053	10.60049	0.0024	0.00252	0	6.39587	0	0.57842	0.00634	0.00226	0.0003	0.00078	0.02642	0	0.01992	0.01366	0.05502	0	0.01347	0	0.00141	0.33577	0	0	0	0.2091	0	0	0.00028	0.02661	0.00029	0	0	0	0.00099	0	0.11555	0.00074	0.00269	1.8689	0.73067	0	0.00018	0	0	0	0.00497	0	0.41207	0.58722	1.12835	23.74861	0.01605	0.17177	0.37378	2.12009	0.06879	0.01863	0.09099	0	0	0	0	2.46286	0.00044	0.04447	0.00039	0.09993	0	0	0.81508	5.26703
Firmicutes	11.69829	13.58133	34.49046	39.19483	59.58076	50.01906	21.59585	36.07272	30.62522	24.92464	38.38183	15.80685	62.01093	69.84718	29.66674	31.65872	45.49397	35.69641	50.02797	40.98693	56.25851	23.31109	31.36838	20.44722	53.31297	22.6408	24.91905	21.69776	46.20026	38.54334	44.21804	11.26325	40.60656	28.30904	46.32557	34.18009	49.08289	26.49017	27.77524	14.12545	50.77564	36.80435	44.79009	29.85693	43.77368	49.33633	55.79866	37.08499	36.58873	54.62953	28.05666	34.9654	23.46176	33.44302	43.10166	38.82554	49.98442	17.05613	42.84439	30.5884	61.16467	23.89837	41.43511	19.32204	45.29144	44.62402	55.17487	43.40999	25.80482	32.64602	34.02311	28.63513	54.35541	61.10484	38.77704	41.74235	33.06983	15.55065
Actinobacteria	3.75038	0.84181	1.48333	18.96649	2.61042	3.01468	1.853	9.63696	4.20771	1.83474	9.37591	6.97589	9.82177	3.38442	1.17527	9.4982	13.48531	11.69602	1.21912	4.14252	1.6613	0.26332	2.71928	3.85567	5.33393	2.98194	6.01325	0.58046	4.10926	3.02088	5.24285	2.61937	6.05686	1.55812	5.46282	6.53954	2.27371	5.11106	0.35796	1.16495	7.63914	14.20367	6.62901	20.76257	1.14188	9.16052	1.4961	1.89966	1.46682	6.3992	2.39143	2.37769	5.38763	7.23594	1.56912	4.67268	1.88034	18.68315	3.19068	20.76252	2.45493	3.70644	16.25129	0.89161	8.15037	35.98872	12.24455	3.88629	65.75635	54.21279	5.11704	1.39067	2.24179	1.07497	1.8222	3.39423	1.06506	6.29942
Proteobacteria	12.48692	4.49344	2.05351	2.52358	0.80437	2.98818	1.34198	5.26572	2.26626	8.47543	2.09115	3.75905	0.63152	1.71009	2.81301	6.36222	12.88766	15.53548	2.74156	0.24668	3.10242	13.68391	1.36025	3.96005	2.96248	4.40679	1.15641	8.29833	0.01112	0.2764	2.69464	6.22432	4.89472	4.48537	3.91483	1.83794	0.26638	1.45001	16.89165	53.67731	6.29552	3.09639	4.2625	4.32028	1.50193	2.25072	7.84615	32.73502	8.02392	8.41392	1.69163	6.45355	3.11595	9.06904	3.02932	4.03583	1.1003	1.10585	1.76025	1.65985	4.27592	1.36017	2.41736	2.9295	2.77192	3.50753	2.14672	3.62348	0.5116	0.25015	9.51979	1.25117	7.47979	4.23778	1.16388	1.96747	2.19292	3.80303
Candidatus_Saccharibacteria	0.00513	0.00352	0.00204	0.00764	0.00306	0.00245	0.00018	0.00397	0.01281	0.01941	0.00087	0.00108	0.0038	0.0058	0.00227	0.00158	0.00144	0	0.00071	0	0.00976	0.00684	0.0028	0	0.00147	0.00134	0.0015	0.00761	0.00101	0.00284	0.03234	0.01044	0.0018	0.00404	0.00442	0.00014	0.0111	0.00303	0.00095	0.00226	0.01222	0.01457	0.00028	0.00045	0	0	0.00012	0.0191	0.00057	0.00037	0.00544	0.00863	0.00123	0.00269	0.00364	0.00214	0.00518	0	0.00246	0.00165	0.00287	0	0.00633	0.00278	0.01	0.01379	0.01608	0.033	0	0	0.00321	0.00207	0.00174	0.00118	0.00117	0.0008	0.00202	0.01242
